dal  = g24_130_/10000.;
del  = g24_131_/10000.;
der  = g24_132_/10000.;
dr   = g24_133_/10000.;
dn   = (g24_136_)/10000.;
dm   = (g24_135_)/10000.;
dl   = (g24_134_)/10000.;
p    = (g24_25_*57.3)/10000.;
q    = (g24_26_*57.3)/10000.;
r    = (g24_27_*57.3)/10000.;
v    = g24_140_/10000.;
alp  = (g24_141_*57.3)/10000.;
bta  = (g24_142_*57.3)/10000.;
qbar = g24_143_/10000.;
rho  = g24_144_/1000000.;
T    = g24_145_/10000.;
Tn   = g24_146_/10000.;
tha  = (g24_151_*57.3)/10000.;
phi  = (g24_150_*57.3)/10000.;
invect = [ dal' ;
           del' ;
           der' ;
           dr'  ;
           dl'  ;
           dm'  ;
           dn'  ;
           p'   ;
           q'   ;
           r'   ;
           v'   ;
           alp' ;
           bta' ;
           qbar';
           rho' ;
           T'   ;
           Tn'  ;
           tha' ;
           phi' ];













