q10  = [499 399 366 331 297 254 206 163 125 92 74 64 54];
dh10 = [1.66 1.30 1.16 1.02 .89 .72 .62 .53 .19 .08 -.26 ...
       -2.61 -3.49];
%
%
q25  = [270 198 138 88 68 56 53];
dh25 = [.82 .42 .16 .18 -.87 -3.70 -3.51];
%
%
q35  = [171 126 87 56];
dh35 = [.07 -.15 -.21 -3.96];

